Link,Relevance
https://www.vox.com/2019/2/7/18210998/tinder-algorithm-swiping-tips-dating-app-science,1
https://www.swipehelper.com/2019/10/13/tinder-algorithm/,1
https://www.theverge.com/2019/3/15/18267772/tinder-elo-score-desirability-algorithm-how-works,1
https://www.quora.com/How-does-the-Tinder-algorithm-work-Is-there-some-logic-to-increase-matches-or-is-it-random,0
https://www.diggitmagazine.com/articles/biases-we-feed-tinder-algorithms,1
https://www.zoosk.com/date-mix/tinder/tinder-algorithm-update/,1
https://www.zoosk.com/date-mix/online-dating-tips/tinder-algorithm/,0
https://www.techjunkie.com/how-does-tinder-algorithm-work/,1
https://neoteric.eu/blog/tinder-algorithms-how-the-matchmaking-happens/,1
https://www.reddit.com/r/Tinder/comments/cpqirx/what_is_the_tinder_algorithm/,0
https://blog.gotinder.com/powering-tinder-r-the-method-behind-our-matching/,1
https://www.reddit.com/r/SwipeHelper/comments/c8y3ep/tinder_algorithm_july_2019/,0
https://textgod.com/tinder-elo-score/,0
https://www.fastcompany.com/3054871/whats-your-tinder-score-inside-the-apps-internal-ranking-system,0
https://www.theguardian.com/technology/2019/aug/11/dating-apps-has-tinder-lost-its-spark,0
https://www.vidaselect.com/tinder-picks/,0
https://www.konbini.com/en/lifestyle/interview-how-the-tinder-algorithm-sustains-the-patriarchy/,0
https://www.amazon.com/Hacking-Tinder-menipulate-algorithm-relationships-ebook/dp/B07XZP65B4,0
https://planetradio.co.uk/debrief/relationships/sex/can-hack-tinder/,0
https://github.com/philipperemy/Deep-Learning-Tinder,0
https://datingxp.co/tinder-hacks/,0
https://www.firstpost.com/tech/news-analysis/tinder-drops-broad-hints-on-what-it-takes-to-get-more-matches-on-the-platform-6286531.html,0
https://www.wired.com/story/monster-match-dating-app/,0
https://flirzy.com/how-to-get-matches-on-tinder-by-optimizing-your-profile/,0
https://www.telegraph.co.uk/women/sex/mystery-tinder-matching-algorithm/,0
https://mashable.com/article/tinder-ends-elo-score/?europe=true,1
https://www.hindustantimes.com/tech/tinder-to-now-prioritise-active-users-do-away-with-elo-score-algorithm/story-6DQTjKkZgJn29wya8Xp46J.html,0
https://www.news.com.au/lifestyle/relationships/dating/how-to-get-the-most-matches-on-tinder/news-story/612a316c3b9cc5fd187a3b1b97343bff,0
https://www.engadget.com/2019/03/18/tinder-dumps-desirability-scores/?guce_referrer=aHR0cHM6Ly93d3cuZ29vZ2xlLmNvbS91cmw_c2E9dCZyY3Q9aiZxPSZlc3JjPXMmc291cmNlPXdlYiZjZD0zMiZ2ZWQ9MmFoVUtFd2k2MmVud2xPZmxBaFdpczRzS0hYTG1BWDg0SGhBV01BRjZCQWdGRUFFJnVybD1odHRwcyUzQSUyRiUyRnd3dy5lbmdhZGdldC5jb20lMkYyMDE5JTJGMDMlMkYxOCUyRnRpbmRlci1kdW1wcy1kZXNpcmFiaWxpdHktc2NvcmVzJTJGJnVzZz1BT3ZWYXcwZFhoanNPNGhmdWhCX2NZU0ZKRG55&guce_referrer_sig=AQAAAFekOpjNt5PfZrfHijTmdadU_daKVXRot40a17RoBuBV_UYHyJxbelDG1uFx6riHwtxtV085Np7RVoq0Flez2WgxemEBCd4H7yUiX0Q1voNoCQVX2LPybvAZLW0GTno90-yW3laggoOUwQxcTUu6rA4B1B7DbxOYvycSooe1iGzm&guccounter=2,0
https://www.researchgate.net/publication/322888387_Cracking_the_Tinder_Code_An_Experience_Sampling_Approach_to_the_Dynamics_and_Impact_of_Platform_Governing_Algorithms,0